"","benchmark","金融行业","房地产","综合行业","电力行业","机械行业","有色金属","农林牧渔","电子信息","酒店旅游","家电行业","传媒娱乐","汽车制造","发电设备","水泥行业","商业百货","电子器件","生物制药","农药化肥","酿酒行业","环保行业","化工行业","钢铁行业","化纤行业","煤炭行业","飞机制造","建筑建材","食品行业","次新股","NaN","仪器仪表","服装鞋类","家具行业","交通运输","其它行业","印刷包装","船舶制造","医疗器械","石油行业","物资外贸","塑料制品","玻璃行业","公路桥梁","电器行业","开发区","供水供气","MOM","vol_volatility_1m","volatility_1m","pe","circ_mv","dv_ratio","shibor_1m","shibor_6m","libor_1m","libor_6m","shibor_lpr_1y"
"benchmark",0.000171898205200847,-3.43342203055604e-20,3.04293894459114e-19,7.95141524027084e-20,-1.79882341208481e-20,-1.39930919623208e-20,2.85413763357788e-21,5.33253898891134e-21,-1.90584656333879e-20,2.28034908066958e-20,5.31288854235957e-20,5.7603175456947e-21,-2.23938611533522e-20,2.33669830639793e-20,7.67791848573797e-20,2.88323195912314e-20,6.76424001713058e-20,-2.67735091066181e-20,3.7802434393881e-21,2.90928674641752e-20,-3.99675726372334e-20,-2.68232100434231e-20,4.28333749194493e-20,2.64226723668125e-20,-9.82455031538575e-21,-9.20968874006159e-21,2.86713698720431e-20,3.54852070779019e-21,0,4.65311806977897e-20,-1.8913779126243e-20,-1.19630505390118e-20,-6.67801134527556e-21,1.20083071325257e-20,6.47892719784755e-22,8.59174276245333e-21,4.23500771215522e-20,-1.0004679408777e-22,7.12768355027185e-20,-8.02774578479599e-21,2.2309313480742e-20,-4.85424353071865e-20,-3.54726451485995e-20,-9.30767178862109e-20,6.37084974181282e-20,1.79231812726744e-21,-2.2909201684978e-20,3.04125710414568e-20,1.76669760979465e-19,-8.5479162099984e-20,-1.55015721753974e-19,-1.10815564062379e-21,2.34041529155048e-19,-1.44265233872903e-19,3.98064042058831e-19,-3.88616237462437e-19,-2.25433747500717e-19
"金融行业",-3.43342203055604e-20,0.00282577574350441,-0.0285743740425118,0.000554419740058242,0.000742838794044739,0.000752391565159667,0.000665991957332495,5.57690061332257e-05,0.000525819860452224,0.000321184681144287,0.00147935565719762,0.000293747443892128,0.000742990199587923,0.000423581585289672,0.00101600211228362,0.0007200056666972,0.000642221867913325,0.0011334100785668,0.000743489828243547,0.000655812825681961,-0.000754753946164632,0.000213942154481864,0.000605986214984444,0.000789394066492318,0.00066158365896158,0.000229384913186297,0.000813542969201573,0.000148310140910397,0,0.000334607798423136,4.85998454739209e-05,0.000300008230541659,-0.000179793480603102,0.000716496125883817,0.000975689883244112,0.000828454064987907,0.000800204330969751,0.000811900462274005,0.000418559826570241,0.000346085731535996,0.00119451637057748,0.00128440080562825,0.0024056812797562,9.56810031074414e-05,0.000592783093872847,0.000598299885031213,8.90685651580489e-19,-6.33102169631891e-19,-2.11978115440402e-18,-1.54080699221561e-18,-1.4784614641268e-18,-2.23612750040212e-18,-3.42392305852975e-17,6.63097634148468e-17,-1.99380746916458e-16,1.86349828077856e-16,-1.73557746284921e-18
"房地产",3.04293894459114e-19,-0.0285743740425118,1.03321800880313,-0.0358970150082408,-0.0349691401736409,-0.021904227583383,-0.01353983700663,0.000532492730163987,-0.0341631377928805,-0.0145774882211738,-0.0311287482197676,-0.0239112316291201,-0.0266297540522985,-0.022135704895944,-0.0313671308777388,-0.0253919168828709,-0.0322418393734656,-0.0330718255987397,-0.0166263640074141,-0.0242369856740119,-0.00132297878012043,-0.0177931410211133,-0.0210621698262399,-0.0375322503493508,-0.0203272993839343,-0.0142361822713418,-0.0315885908114264,-0.00538181195085944,0,-0.0316103460938752,-0.0206294148257844,-0.0244074025060606,-0.0070606404015352,-0.0246061863011608,-0.025026096354128,-0.00758744489097594,-0.0277395163015194,-0.0152300888278414,-0.0253546093635258,-0.00912842778127848,-0.0297785657269232,-0.045811524200716,-0.0725912213044147,-0.0144046191531081,-0.0214704183513415,-0.0317028337148852,-3.8422997066227e-17,4.06020202792216e-17,8.60380565229028e-17,6.53748881486225e-17,3.20915502831933e-17,7.29807461363574e-17,9.970694131949e-16,-2.27169448384522e-15,7.0236981831972e-15,-6.71898574376014e-15,4.60843640885081e-17
"综合行业",7.95141524027084e-20,0.000554419740058242,-0.0358970150082408,0.00257044514328848,0.000923524207235568,0.000330925027184236,0.000533534216311647,4.52686721795022e-06,0.00151009276234705,0.00052145450731278,0.000732020606029084,0.000792916582169901,0.000996372028038629,0.000824063908378333,0.000930478842266857,0.000785821033375153,0.00119393105712245,0.000749970427614452,0.00106835798975913,0.00103372023118311,-1.11673964060218e-05,0.00128306147623743,0.00105190886474509,0.0014630961675797,0.000585122194346767,0.000723821324322076,0.00109865728251988,0.00013491510581707,0,0.00091617105132561,0.000394892629529157,0.00109597144097979,0.00026105060524494,0.000629279870517115,0.0008971812087463,-2.75003032169783e-06,0.000966066968707519,-0.000383678653775574,0.000871926093140547,0.000427462350994291,0.00168970314501336,0.00118470411212484,0.00151361884838144,0.000563756463205149,0.00100318020712618,0.00148248850124675,2.69636877434513e-19,-1.78008566820892e-18,-3.42735222478616e-18,-2.40245142605017e-18,-5.81566854668384e-19,-2.67590240524914e-18,-1.97758668728059e-17,7.6841331189161e-17,-2.4993182888679e-16,2.40450608941571e-16,-6.2883539257621e-18
"电力行业",-1.79882341208481e-20,0.000742838794044739,-0.0349691401736409,0.000923524207235568,0.00321317330643239,0.000930932441542549,4.06626688642914e-05,1.80995044591851e-05,0.000990205730298628,0.0011646269332211,0.000813696098404072,0.000652875005485221,0.000938858817827187,0.0010221072857382,0.00109634831036692,0.000823111934144874,0.00094296410440568,0.00131019723803139,0.000722470252833868,0.00072064688819614,-0.000391223984623711,-0.000508788261287682,0.000478184650434051,0.00150976490607588,0.000957243506150795,0.000448843960661589,0.00114503775434013,0.000203191077442701,0,0.000845780960006337,0.00118602335174661,0.000701119633981147,-8.38890996752262e-05,0.000806986723146465,0.00066550504865786,0.000523769227241258,0.000717374149176472,0.000857125343861129,0.000940184308953348,3.1650034228423e-05,0.000925597882447818,0.00185235262969313,0.00261537306429602,0.000112664437043812,0.00080374128803174,0.000558188060078792,1.24763466727236e-18,-1.22933597404161e-18,-3.16514419684794e-18,-2.34358448685736e-18,-9.80947600022275e-19,-2.38295402193173e-18,-4.01297938031232e-17,7.95733437649414e-17,-2.55583281836987e-16,2.45551839237831e-16,4.0195046744885e-18
"机械行业",-1.39930919623208e-20,0.000752391565159667,-0.021904227583383,0.000330925027184236,0.000930932441542549,0.00144503464383983,0.000276243303666776,9.66872481215737e-05,0.000555904616487929,0.000243970306408228,0.000900554725071739,0.000487216778300574,0.000684053734733858,0.000293640253600907,0.000680088917156239,0.000654414422696502,0.000568735649174863,0.000920452735218235,0.000372134990037338,2.71567813382154e-05,-0.000625879260056195,-0.000239674018366447,0.000407090326943007,0.000648948916899397,0.000533540178648845,0.000332404994002106,0.000732747629309229,0.000456705720754712,0,0.000719885138491679,0.000656266833194683,0.000375965647764184,-0.000227917613337337,0.000571528867216263,0.000561797125602738,0.000281217637780873,0.000709065433359064,0.000722086575007741,0.000734629901355737,0.000592026244070772,0.000281353153906323,0.00113343799683293,0.000881127418019267,0.00042958143564278,0.000455971789213399,0.000559781371388023,9.97279229716356e-19,-4.59234076397148e-19,-1.6951050156181e-18,-1.40246650257016e-18,-9.76000443078751e-19,-1.55018368731934e-18,-2.83201338423419e-17,5.27525434809028e-17,-1.62699622858542e-16,1.57516741760297e-16,5.23969062895424e-18
"有色金属",2.85413763357788e-21,0.000665991957332495,-0.01353983700663,0.000533534216311647,4.06626688642914e-05,0.000276243303666776,0.00586921581102799,0.000121336197715398,0.000387533405616423,0.000391524004632362,0.000232055233906092,-0.0001740516263089,0.00050095004039174,0.000343211991123186,0.000660762646287549,0.000375031923978348,6.37833730863943e-05,0.000489093290106005,-0.00122475962936854,0.000219556311888189,-0.00285155917904116,-6.1129042376604e-05,0.000537045196859767,0.000465305378048212,0.000359515940257507,0.000794945648574378,0.000767422113336365,0.000311852403469304,0,0.00014461222247051,0.000394382182656242,1.09694121010234e-06,-0.000309820026448309,-0.000297755730924654,0.000388934374724059,0.000117076421200368,0.000618104859204466,-0.00111053718266455,0.000431851879400406,0.000576537972648905,-0.000127191422057714,0.000359237591215838,0.00176650516833425,-0.000161590002416377,0.000465146757963017,0.000188171420728239,4.29416430476252e-19,-6.63531200165537e-20,6.87104676952431e-19,-4.05392413645719e-19,-1.62667091948052e-18,-9.10124844615817e-19,-7.3716362173264e-19,-2.81346704154004e-18,-1.710239961718e-17,1.5950716779363e-17,-7.74405311791272e-18
"农林牧渔",5.33253898891134e-21,5.57690061332257e-05,0.000532492730163987,4.52686721795022e-06,1.80995044591851e-05,9.66872481215737e-05,0.000121336197715398,0.000297983387786788,0.000108914934362451,-5.53862389808839e-05,6.52013586228789e-05,-5.60519434298759e-05,3.45941309135253e-05,-5.77760692614386e-05,6.62213955481829e-05,3.01950078208292e-05,5.98179064587165e-06,-5.7997985706161e-05,-3.6821895556671e-05,3.16543992616563e-05,-0.00164812281321275,-8.87935088789357e-06,5.76814456487713e-05,8.47586409598741e-05,6.74998100581177e-05,-0.000122445843187051,5.22113944976497e-05,0.000217556211217731,0,-3.63184169565117e-05,-5.70935694105432e-05,2.75205151826537e-05,-7.09958608449923e-05,-0.000193425361205988,-6.80827172041174e-05,1.57467362752296e-05,0.000108283140184484,-8.19813424902576e-06,0.000108250574987612,7.02343858595707e-05,7.20883925041258e-05,-4.12443273073791e-07,0.000137172176213169,-8.86388948887254e-05,7.43069867360278e-05,3.67916915718496e-06,-3.24786887554814e-19,1.8938902984848e-19,1.13625454543191e-20,1.94580695773071e-19,-2.75722683541242e-19,-3.75970692818017e-20,1.59698371573622e-18,-3.59146994407544e-18,1.01152647642689e-18,-1.03054209690855e-18,7.34831140645365e-19
"电子信息",-1.90584656333879e-20,0.000525819860452224,-0.0341631377928805,0.00151009276234705,0.000990205730298628,0.000555904616487929,0.000387533405616423,0.000108914934362451,0.00247567395347863,0.000152530546725982,0.000797947517639235,0.000994723848135578,0.00102512550426363,0.000725795254484027,0.000959881577667592,0.000799453940630726,0.00111780801199714,0.00101060618058806,0.000584765606374264,0.00111997726603585,-0.000623649197398726,0.000840250677824672,-0.00030188835576591,0.00145813785533617,0.000533109032532679,0.000338003615292895,0.0010785944533573,0.000156356925977591,0,0.00107032355020032,0.000809058134192051,0.00103133982291508,8.60416677219e-05,0.000805076820905245,0.000623817740229754,5.07329178621227e-05,0.00102616816372939,0.000180728618803042,0.00113339175222367,-0.000191745315743916,0.00143621403900979,0.00145907667878413,0.00207441403922113,0.00042807992580966,0.00132837339958999,0.00149037031268506,1.45638970570197e-19,-1.53478691191755e-18,-2.90106112220619e-18,-2.0831765896972e-18,-1.0243544494464e-18,-2.36522005471918e-18,-3.8166541914714e-17,7.78390034278084e-17,-2.47204249326132e-16,2.39103316843939e-16,1.22671277401905e-18
"酒店旅游",2.28034908066958e-20,0.000321184681144287,-0.0145774882211738,0.00052145450731278,0.0011646269332211,0.000243970306408228,0.000391524004632362,-5.53862389808839e-05,0.000152530546725982,0.00328779802855978,0.000309747703685778,-1.53202891145087e-05,0.000418725212672761,0.000276786434434822,0.000399115091756573,0.000163983829891689,0.000496789480600298,0.000755390386651404,0.000648442212074333,0.00022179544306158,-0.00292946549595181,0.000229278451869806,0.00109559579450393,0.000562527198447421,0.00050591792158192,0.00075614633369935,0.000428329695448921,0.000240764763649908,0,-0.000266623954976991,0.00103251029824123,0.000493987150707979,-0.000182490590506922,0.000166428548572534,0.000206450708546092,1.63380349689325e-05,0.000133910953267022,0.000472036457492532,0.00040073229536745,0.000423611071422813,0.000444540123508295,-7.2905343850048e-05,0.000209690250543279,0.000278725242401103,0.00029293630646126,-6.46422689806034e-05,2.06991881923941e-19,-2.80872177274602e-19,-1.56217909604232e-19,-1.03248829866977e-18,-6.58930617878662e-19,-1.1240342557424e-18,-2.0940535156399e-17,2.73418933380843e-17,-8.9423655008204e-17,8.50461923259164e-17,6.12413973127637e-18
"家电行业",5.31288854235957e-20,0.00147935565719762,-0.0311287482197676,0.000732020606029084,0.000813696098404072,0.000900554725071739,0.000232055233906092,6.52013586228789e-05,0.000797947517639235,0.000309747703685778,0.00207923881804881,0.000780931202279902,0.000712547246888377,0.00044731307747051,0.00103940351238735,0.000941354578837163,0.000614902062274009,0.00111233284504121,0.000238422248596096,0.000484338988013683,-0.000232275314638275,0.000346431148680577,0.00064194677650616,0.000926589065801191,0.000493763930369692,0.000109941134331557,0.00120788519883716,8.86518837037249e-05,0,0.00179605076571571,0.000641492863791477,0.00066046336524595,0.000178185589717951,0.000919521688723619,0.000696469636902696,0.000624172004048425,0.000916141312508313,0.000650309129851683,0.000792733256558889,0.000397944428405449,0.000626460389061368,0.00147050479987777,0.00207498197187365,0.000124925258675307,0.000559928752916164,0.000634165701907754,1.36866526697929e-18,-8.03339192337713e-19,-2.93484710402576e-18,-1.95171061586255e-18,-1.06584829649389e-18,-2.24714823800332e-18,-3.97196234820993e-17,7.65671987112773e-17,-2.1521311506802e-16,2.03834554948402e-16,-6.32201972805267e-19
"传媒娱乐",5.7603175456947e-21,0.000293747443892128,-0.0239112316291201,0.000792916582169901,0.000652875005485221,0.000487216778300574,-0.0001740516263089,-5.60519434298759e-05,0.000994723848135578,-1.53202891145087e-05,0.000780931202279902,0.00191102403509874,0.000615892454998411,0.000585466550687398,0.00065750846098276,0.000575488270026073,0.000598813043998111,0.000550979244375624,9.3878453739846e-05,0.000566929721618285,0.000394138884251371,0.000363833788893888,0.000321441049180588,0.000778560145231976,0.000355625065902021,-0.000148402362598083,0.00070340654381815,0.000191980793529418,0,0.00131600900684897,0.00116509884167184,0.000629748298073155,0.000627359677968897,0.000690388194419376,0.000587385029993289,2.24459327326182e-05,0.000940357309236322,0.000162575592513867,0.000620651106678561,-0.000263530992649146,0.000400722980567926,0.00116287841732441,0.00138413579025681,0.000616653937173325,0.000221435009946428,0.000753366351218836,3.71879317308226e-19,-1.18690671190142e-18,-2.28919831494271e-18,-1.40172422714048e-18,-1.07275287120694e-19,-1.8338614929916e-18,-1.75474781938146e-17,5.00161568862032e-17,-1.61251860282109e-16,1.559200532499e-16,-2.06572044301038e-18
"汽车制造",-2.23938611533522e-20,0.000742990199587923,-0.0266297540522985,0.000996372028038629,0.000938858817827187,0.000684053734733858,0.00050095004039174,3.45941309135253e-05,0.00102512550426363,0.000418725212672761,0.000712547246888377,0.000615892454998411,0.000940057204504623,0.000542055752353975,0.000701187732806368,0.00064198695855104,0.000827014624026227,0.000983901108607022,0.000529086522606094,0.00063052785145684,-0.000441834879749667,0.000400106356145662,0.000276474707685409,0.00100158602061519,0.000577960709154381,0.000386700392138859,0.000807970627811795,0.000172824406002085,0,0.000582199616503747,0.000637282204114994,0.000727532558765871,-3.84393496685541e-05,0.000633938831213748,0.000651842557384441,0.000140328413031184,0.00080606213384386,0.000266610261572214,0.000760997148028556,0.000321661568572316,0.000856886378676203,0.00118024802927581,0.00172363404512445,0.000361924525625157,0.000574784659578934,0.000794545005623676,6.30249934338472e-19,-9.82344202918378e-19,-2.10485611472758e-18,-1.68950960406328e-18,-1.03614320847384e-18,-1.84673161870577e-18,-2.39613684772303e-17,5.83553551301845e-17,-1.86669171797149e-16,1.80990312859251e-16,-1.94488400292223e-19
"发电设备",2.33669830639793e-20,0.000423581585289672,-0.022135704895944,0.000824063908378333,0.0010221072857382,0.000293640253600907,0.000343211991123186,-5.77760692614386e-05,0.000725795254484027,0.000276786434434822,0.00044731307747051,0.000585466550687398,0.000542055752353975,0.00138788315443906,0.000755135316873238,0.000535773685089059,0.00041685847955885,0.000776246003902793,0.00104613065133455,0.000687807061492963,0.000388635141588254,-6.93385527665673e-05,0.000125951006736512,0.000883560484273451,0.000399461081741929,0.000232591100652614,0.000704368805750406,6.52602644145958e-06,0,0.000688097623921413,0.000598480382085678,0.000516066903777474,0.000244927024436852,0.000665949630211117,0.000446632075771961,0.000265558384586803,0.000429075238378502,0.000149914860433623,0.000436553493920519,-4.64143546240584e-05,0.000613676698768862,0.000912110594296731,0.00145747033258029,0.000313253859204135,0.000333757340085434,0.00040675933670051,4.97238398940534e-19,-6.19156184904455e-19,-1.8723934305857e-18,-1.40291716178389e-18,-8.10887341607353e-19,-1.55171927101649e-18,-1.69231081352891e-17,4.14541325079973e-17,-1.3781117368707e-16,1.30673922657393e-16,-3.68946084384076e-18
"水泥行业",7.67791848573797e-20,0.00101600211228362,-0.0313671308777388,0.000930478842266857,0.00109634831036692,0.000680088917156239,0.000660762646287549,6.62213955481829e-05,0.000959881577667592,0.000399115091756573,0.00103940351238735,0.00065750846098276,0.000701187732806368,0.000755135316873238,0.00233103786793221,0.0007833548946599,0.0010448860606147,0.00141696979666633,9.65599915377691e-05,0.000634273637857639,-0.000516775170683265,0.00016123543926207,0.000233509673617786,0.00147191904897124,0.000634376457598363,0.000656277911214553,0.00117295287402245,0.000115189372212502,0,-6.51212453311661e-05,0.000908154614405169,0.000824632576687959,-0.000233347580399255,0.000662727203733877,0.000982162360946046,0.00041045546720641,0.000762823158108404,0.000596030219578977,0.000861982031188101,0.000298137732108007,0.000978081645253706,0.00159239662208022,0.00167204074129796,0.000123755356868238,0.000910919722053663,0.000883398480085014,4.88592875418254e-19,-1.19618122916949e-18,-1.77609825107612e-18,-2.00914487823441e-18,-1.45998645524548e-18,-2.2176524915208e-18,-4.29846833578979e-17,6.88887418571407e-17,-2.07432824036712e-16,1.93541364363413e-16,-8.12332860757805e-19
"商业百货",2.88323195912314e-20,0.0007200056666972,-0.0253919168828709,0.000785821033375153,0.000823111934144874,0.000654414422696502,0.000375031923978348,3.01950078208292e-05,0.000799453940630726,0.000163983829891689,0.000941354578837163,0.000575488270026073,0.00064198695855104,0.000535773685089059,0.0007833548946599,0.000894047747486865,0.000535515639183395,0.000742201942982922,0.000461024352079781,0.000526586104117129,-3.61270966932053e-06,0.000177606828572382,0.000367360785546081,0.000825803983209314,0.000485663087019507,0.000330505508918669,0.000817289470657651,0.00011773985167737,0,0.000832132259651459,0.000643257193670967,0.000591819067475965,0.000253420338745434,0.000710109530158293,0.000600845097491155,0.000266365582588055,0.000727834023006355,0.000645202886601323,0.000634940610080325,0.000245097661797339,0.000712566301682148,0.00124261377136454,0.00171553628357755,0.000296098219121079,0.000446196539440342,0.000720172778238217,9.04107848720044e-19,-6.9281619785199e-19,-2.14817225024851e-18,-1.61549977520794e-18,-1.00163799486416e-18,-1.74361962120468e-18,-2.71836695575547e-17,5.96540270620665e-17,-1.75774190363707e-16,1.6870713135721e-16,-1.17450449855719e-18
"电子器件",6.76424001713058e-20,0.000642221867913325,-0.0322418393734656,0.00119393105712245,0.00094296410440568,0.000568735649174863,6.37833730863943e-05,5.98179064587165e-06,0.00111780801199714,0.000496789480600298,0.000614902062274009,0.000598813043998111,0.000827014624026227,0.00041685847955885,0.0010448860606147,0.000535515639183395,0.00468022439228534,0.000157253801138708,-0.000847553945815025,0.000880973808508089,-9.43496393033948e-05,0.00100248255020554,9.67283007181402e-05,0.00170459172759988,0.000813057108726489,0.000591687805097448,0.000769507789146341,0.000203300920703682,0,0.000333682134339699,0.000637900246733474,0.000643921150158448,-0.000531117021074345,0.000751788315160878,0.000899555122312575,-0.000283432446598184,0.000754486600125104,0.0002329848380425,0.000394716993989986,0.000410001164359602,0.0013828560043051,0.00170240882002713,0.0027504818672336,0.00129666330786693,0.000753616702167759,0.00108321571070273,1.86752639800151e-18,-2.46063789001906e-18,-2.22244638171082e-18,-2.61350086721886e-18,1.71383298754675e-19,-2.46653055646276e-18,-4.05043115742253e-17,7.57380324166138e-17,-2.1870221874749e-16,2.16671769061479e-16,6.15859306559014e-18
"生物制药",-2.67735091066181e-20,0.0011334100785668,-0.0330718255987397,0.000749970427614452,0.00131019723803139,0.000920452735218235,0.000489093290106005,-5.7997985706161e-05,0.00101060618058806,0.000755390386651404,0.00111233284504121,0.000550979244375624,0.000983901108607022,0.000776246003902793,0.00141696979666633,0.000742201942982922,0.000157253801138708,0.00333403532909358,0.000412458417073468,0.000489607514385669,-0.000226043861248652,-4.51891564838484e-05,0.000738281246095961,0.00138173365512052,0.00074117558067668,0.000903340221211489,0.00118034479615015,0.000276978012445985,0,0.000729180497592986,0.00070995410245525,0.00115045494412785,-0.000168201617262482,0.000949861807018801,0.000947013107449043,0.000463965271762412,0.000674280375223721,0.000647286661602743,0.000921357564554987,0.000391879362333725,0.000404215111026913,0.00138641825197593,0.000817299617220203,0.00021130197968931,0.000640730268380354,0.000957099445282105,6.98239137867846e-19,-1.15419612095821e-18,-1.81661124417725e-18,-2.1652425522296e-18,-1.0318776991776e-18,-2.39699534272977e-18,-2.9724844668174e-17,6.72512297683519e-17,-2.07644707444178e-16,1.95298431025216e-16,-2.70661190609048e-18
"农药化肥",3.7802434393881e-21,0.000743489828243547,-0.0166263640074141,0.00106835798975913,0.000722470252833868,0.000372134990037338,-0.00122475962936854,-3.6821895556671e-05,0.000584765606374264,0.000648442212074333,0.000238422248596096,9.3878453739846e-05,0.000529086522606094,0.00104613065133455,9.65599915377691e-05,0.000461024352079781,-0.000847553945815025,0.000412458417073468,0.0081908030499825,5.20687680137969e-05,-0.000680142826084928,0.000316511239178142,-0.000371988861776788,0.000632486797361717,-0.00017890400557612,-0.000434038025669552,0.000589373108921005,6.55657147865432e-06,0,0.000488477493815953,6.10844345697726e-05,-0.000482455367910887,7.71393733077928e-05,0.000238642615913238,8.3100563790895e-05,0.000300216789057671,0.000612127677691846,-0.000430910218077274,3.56728712379327e-05,0.000286042520539828,0.00134873216677974,5.32085149257605e-05,0.000435569054243189,9.26153005003732e-05,0.000381092690380991,1.51956652690242e-05,-1.21035534750586e-18,7.17965853276094e-19,-1.64745894967471e-18,4.55110623103603e-19,-2.09503011591511e-18,-1.04911962010578e-18,-1.91355546043947e-17,7.50170853483301e-17,-2.21445437685809e-16,2.08545273950436e-16,-5.6019134117515e-18
"酿酒行业",2.90928674641752e-20,0.000655812825681961,-0.0242369856740119,0.00103372023118311,0.00072064688819614,2.71567813382154e-05,0.000219556311888189,3.16543992616563e-05,0.00111997726603585,0.00022179544306158,0.000484338988013683,0.000566929721618285,0.00063052785145684,0.000687807061492963,0.000634273637857639,0.000526586104117129,0.000880973808508089,0.000489607514385669,5.20687680137969e-05,0.00227722616526822,-0.000106736392331156,0.00070995851110963,7.09608185268374e-05,0.000917714235742492,0.000623214473691192,-0.000158595922922033,0.000821006758414736,-0.000247407951929202,0,0.000426533151517031,0.000547425088311671,0.000638819466377067,0.000224676173403748,0.000469495696747989,0.000469447986204902,4.66386912515315e-05,0.000914144728636717,8.0868879409032e-05,0.000371017336348062,-0.00016332648581958,0.000872693593355361,0.000564730911082543,0.00285776137516384,0.000171181797796361,0.00106654721056172,0.00078755577598244,9.00256944428329e-19,-8.22085852940199e-19,-2.75712641007805e-18,-1.63531162011923e-18,-1.28922205582912e-18,-1.6052476145759e-18,-2.6194331486039e-17,5.29909451211266e-17,-1.65617205076863e-16,1.59501336366591e-16,-1.31157567254267e-18
"环保行业",-3.99675726372334e-20,-0.000754753946164632,-0.00132297878012043,-1.11673964060218e-05,-0.000391223984623711,-0.000625879260056195,-0.00285155917904116,-0.00164812281321275,-0.000623649197398726,-0.00292946549595181,-0.000232275314638275,0.000394138884251371,-0.000441834879749667,0.000388635141588254,-0.000516775170683265,-3.61270966932053e-06,-9.43496393033948e-05,-0.000226043861248652,-0.000680142826084928,-0.000106736392331156,0.0217476505159016,0.000100992070013925,-0.000194302594909421,-0.00027647301353931,-0.000961674939914846,-0.000587934981051193,-9.27156502586658e-05,-0.00145413357870035,0,0.000465850471740832,-0.00128619687323209,-4.46559680881092e-05,0.00079082929276492,0.00078195041824976,-0.000126515349092614,-0.000151829740430361,-0.000689845309324805,-0.000218905528295346,-0.00127435177502461,-0.000629212153926261,-0.00190552308506613,0.00060344264685315,-0.00105183749617774,-0.000560285935820625,-0.00106561799157966,0.000759093369752379,3.73068483372841e-18,-2.26906128991061e-18,-2.27569931618628e-18,-2.67455947051466e-18,4.50627449991673e-18,1.04369668008992e-18,-1.15422954466296e-17,3.60381975622886e-17,2.21032852782517e-17,-2.37938715183435e-17,-1.8795358715989e-17
"化工行业",-2.68232100434231e-20,0.000213942154481864,-0.0177931410211133,0.00128306147623743,-0.000508788261287682,-0.000239674018366447,-6.1129042376604e-05,-8.87935088789357e-06,0.000840250677824672,0.000229278451869806,0.000346431148680577,0.000363833788893888,0.000400106356145662,-6.93385527665673e-05,0.00016123543926207,0.000177606828572382,0.00100248255020554,-4.51891564838484e-05,0.000316511239178142,0.00070995851110963,0.000100992070013925,0.00398700546898641,0.000187692955610901,0.000495250253563798,0.000211100355373282,-8.96449936207089e-05,0.000475236571709673,-2.80133236028283e-05,0,0.000388628117271495,-0.000784466967507764,0.000508921345865412,0.000372126628402561,0.000271579750557434,0.00024481672239779,-0.00026367546442849,0.00090207093867709,-0.000848216367312464,0.000177746792036072,0.000103081881785812,0.000531405035830857,0.00126404616125663,0.00245463968299336,0.00079157516686809,0.000169826378009053,0.00105771562008334,3.63868479655951e-19,-1.30129158834698e-18,-2.23156641774199e-18,-5.03312890898885e-19,-6.05835268319901e-19,-1.13024323465035e-18,-1.82825556380023e-18,4.35535366989115e-17,-1.6123598156885e-16,1.59013086981428e-16,-3.98338935206398e-18
"钢铁行业",4.28333749194493e-20,0.000605986214984444,-0.0210621698262399,0.00105190886474509,0.000478184650434051,0.000407090326943007,0.000537045196859767,5.76814456487713e-05,-0.00030188835576591,0.00109559579450393,0.00064194677650616,0.000321441049180588,0.000276474707685409,0.000125951006736512,0.000233509673617786,0.000367360785546081,9.67283007181402e-05,0.000738281246095961,-0.000371988861776788,7.09608185268374e-05,-0.000194302594909421,0.000187692955610901,0.00801523286277049,0.000327765644583129,0.000273425730118815,0.000296575956573892,0.000380230218232854,0.000524461695264178,0,0.00126605014680869,-0.000550798339703268,0.000706365398182571,0.000672144222986021,-0.000594259785686643,0.000596160461435028,0.000145382880138378,-4.57970491534494e-05,0.000729753604552124,0.000883910886845382,0.00102549316599594,0.000198777046304159,-0.000507740329393654,-0.000607157891923207,-0.000655714795313819,0.000619516863216146,0.000936731231514832,2.12157279957079e-18,-8.80385991153269e-19,-2.60813079666215e-18,-2.11807688194195e-18,1.97875106596684e-18,-2.08908579975315e-18,2.57857260224939e-17,8.72494542301405e-18,-4.29350251540845e-17,2.77950191763581e-17,-2.1398263259361e-17
"化纤行业",2.64226723668125e-20,0.000789394066492318,-0.0375322503493508,0.0014630961675797,0.00150976490607588,0.000648948916899397,0.000465305378048212,8.47586409598741e-05,0.00145813785533617,0.000562527198447421,0.000926589065801191,0.000778560145231976,0.00100158602061519,0.000883560484273451,0.00147191904897124,0.000825803983209314,0.00170459172759988,0.00138173365512052,0.000632486797361717,0.000917714235742492,-0.00027647301353931,0.000495250253563798,0.000327765644583129,0.00279520530508364,0.000863772727940188,0.000294296488461971,0.00116125522229365,2.37938637771791e-05,0,0.000873577140115278,9.75027869493383e-05,0.00103762385554615,-0.000199643625971757,0.000754034629076542,0.00103272486361601,0.000203092310360014,0.000967796228834824,0.000330385757987625,0.000826610344596066,0.000297951671194324,0.00145548457937573,0.00184230593355231,0.00192822717777562,0.000501588831116769,0.00107288578621647,0.00131875729307935,9.58673056167281e-19,-1.81257210722615e-18,-2.65784499639707e-18,-2.41785924922014e-18,-1.37390224557744e-18,-2.76601009151669e-18,-3.89071044356036e-17,7.99295206706215e-17,-2.50788568279792e-16,2.38407551957504e-16,-2.79423540073841e-18
"煤炭行业",-9.82455031538575e-21,0.00066158365896158,-0.0203272993839343,0.000585122194346767,0.000957243506150795,0.000533540178648845,0.000359515940257507,6.74998100581177e-05,0.000533109032532679,0.00050591792158192,0.000493763930369692,0.000355625065902021,0.000577960709154381,0.000399461081741929,0.000634376457598363,0.000485663087019507,0.000813057108726489,0.00074117558067668,-0.00017890400557612,0.000623214473691192,-0.000961674939914846,0.000211100355373282,0.000273425730118815,0.000863772727940188,0.00109083394198161,0.000323804260859278,0.000481783446618771,0.000151026706846813,0,0.000582937357346402,0.000468343656556026,0.000552791634088199,3.74269275399446e-05,0.000607659228636466,0.000633908075955089,0.000201760247231246,0.000638028720258576,0.000147898395013364,0.000370791749134667,0.0002803363297711,0.000488705021722169,0.000979698618243261,0.00147464799036984,0.000226971955165945,0.000528761803394312,0.000523633711841491,8.21086730920318e-19,-7.06982464982553e-19,-1.56079534905761e-18,-1.44605191084651e-18,-8.16469324620985e-19,-1.44529011956238e-18,-1.80399444055412e-17,3.88636733596015e-17,-1.33434905733987e-16,1.29108567187798e-16,1.5303384187033e-18
"飞机制造",-9.20968874006159e-21,0.000229384913186297,-0.0142361822713418,0.000723821324322076,0.000448843960661589,0.000332404994002106,0.000794945648574378,-0.000122445843187051,0.000338003615292895,0.00075614633369935,0.000109941134331557,-0.000148402362598083,0.000386700392138859,0.000232591100652614,0.000656277911214553,0.000330505508918669,0.000591687805097448,0.000903340221211489,-0.000434038025669552,-0.000158595922922033,-0.000587934981051193,-8.96449936207089e-05,0.000296575956573892,0.000294296488461971,0.000323804260859278,0.00292920438130796,0.000208307425942623,0.000362179740042268,0,-0.000899544903425806,0.000636552606085784,0.00074958733663832,2.54469204253951e-05,0.000492598419198927,0.000397435492988083,-1.35594207666668e-05,0.000294497645729319,-0.000327034887741752,1.46673649373505e-05,0.000694256287497824,0.000806417743623348,0.000473817697074741,-0.000295279667204016,0.000691670113940229,0.000174363181294896,0.000612389353602563,7.19839823943828e-19,-8.01990803819189e-19,2.00987616197595e-19,-1.39707541601789e-18,-2.30104934559877e-19,-8.2992449682496e-19,-1.96970118291312e-17,3.76765010526234e-17,-9.41865777992968e-17,8.92954703897593e-17,1.23057556727957e-19
"建筑建材",2.86713698720431e-20,0.000813542969201573,-0.0315885908114264,0.00109865728251988,0.00114503775434013,0.000732747629309229,0.000767422113336365,5.22113944976497e-05,0.0010785944533573,0.000428329695448921,0.00120788519883716,0.00070340654381815,0.000807970627811795,0.000704368805750406,0.00117295287402245,0.000817289470657651,0.000769507789146341,0.00118034479615015,0.000589373108921005,0.000821006758414736,-9.27156502586658e-05,0.000475236571709673,0.000380230218232854,0.00116125522229365,0.000481783446618771,0.000208307425942623,0.00205877605840436,8.07723886857331e-05,0,0.000864895829172679,0.000509198641824374,0.000489939929074076,0.000241723641978835,0.000831809405677415,0.000664329762775525,0.000378773625289439,0.00101458430435153,0.00043401280722224,0.000943135735836924,0.000348445394846803,0.00080176241405253,0.00127564085722169,0.00139246317162005,0.000220246705621759,0.000717999129926729,0.000815334507763859,9.41771877571431e-19,-1.52188065116006e-18,-2.35618557404886e-18,-1.91124494029645e-18,-1.11925803076546e-18,-2.2302865397567e-18,-3.8298817235708e-17,7.35981530726065e-17,-2.20071845450701e-16,2.10614705097634e-16,2.68246653205008e-19
"食品行业",3.54852070779019e-21,0.000148310140910397,-0.00538181195085944,0.00013491510581707,0.000203191077442701,0.000456705720754712,0.000311852403469304,0.000217556211217731,0.000156356925977591,0.000240764763649908,8.86518837037249e-05,0.000191980793529418,0.000172824406002085,6.52602644145958e-06,0.000115189372212502,0.00011773985167737,0.000203300920703682,0.000276978012445985,6.55657147865432e-06,-0.000247407951929202,-0.00145413357870035,-2.80133236028283e-05,0.000524461695264178,2.37938637771791e-05,0.000151026706846813,0.000362179740042268,8.07723886857331e-05,0.000962335423854426,0,-1.06362113146857e-05,7.16864975635583e-05,0.000124211918248586,-6.14751910586494e-06,-7.03792042331938e-05,0.000105594048736445,-1.57661387185454e-05,0.000326421659837914,1.28760718896962e-05,0.000211023155628577,0.000267865042955092,-0.000152298659921861,0.000194513174883188,0.000293271991572693,9.06091338859567e-05,0.000251959714175294,0.000262592123104085,2.16926124800557e-19,-7.09129881932782e-20,-3.84862099282381e-19,-2.00303551851024e-19,-5.18991622729474e-20,-4.9412876063775e-19,-1.60622750114153e-18,8.3808634120506e-18,-3.51060611331326e-17,3.37742238537455e-17,6.22313715562705e-19
"次新股",0,0,0,0,0,0,0,0,0,0,0,0,0,0,0,0,0,0,0,0,0,0,0,0,0,0,0,0,0,0,0,0,0,0,0,0,0,0,0,0,0,0,0,0,0,0,0,0,0,0,0,0,0,0,0,0,0
"NaN",4.65311806977897e-20,0.000334607798423136,-0.0316103460938752,0.00091617105132561,0.000845780960006337,0.000719885138491679,0.00014461222247051,-3.63184169565117e-05,0.00107032355020032,-0.000266623954976991,0.00179605076571571,0.00131600900684897,0.000582199616503747,0.000688097623921413,-6.51212453311661e-05,0.000832132259651459,0.000333682134339699,0.000729180497592986,0.000488477493815953,0.000426533151517031,0.000465850471740832,0.000388628117271495,0.00126605014680869,0.000873577140115278,0.000582937357346402,-0.000899544903425806,0.000864895829172679,-1.06362113146857e-05,0,0.00837717683859729,-0.000504472873163894,0.00045079266082642,0.000821881601891885,0.00100414085469523,6.08814809470465e-05,0.000497188270204504,0.000578031554009187,0.00052062384759694,0.000832944276434469,0.000306016064430538,0.000535907414138023,0.000799565370333796,0.00179376615403556,8.5142070017014e-05,0.000212359323575488,0.00085096358403091,2.87062830626974e-18,-9.46578610090967e-19,-4.0406047901138e-18,-2.46262940445384e-18,3.22896317194788e-19,-2.93814979787151e-18,-1.61080040231991e-17,5.67099630630154e-17,-1.63804077104265e-16,1.45848590587188e-16,-1.06521719413854e-17
"仪器仪表",-1.8913779126243e-20,4.85998454739209e-05,-0.0206294148257844,0.000394892629529157,0.00118602335174661,0.000656266833194683,0.000394382182656242,-5.70935694105432e-05,0.000809058134192051,0.00103251029824123,0.000641492863791477,0.00116509884167184,0.000637282204114994,0.000598480382085678,0.000908154614405169,0.000643257193670967,0.000637900246733474,0.00070995410245525,6.10844345697726e-05,0.000547425088311671,-0.00128619687323209,-0.000784466967507764,-0.000550798339703268,9.75027869493383e-05,0.000468343656556026,0.000636552606085784,0.000509198641824374,7.16864975635583e-05,0,-0.000504472873163894,0.00434514499103485,0.000596847529017743,0.000356727306420312,0.000651938423435077,0.000523543481156306,8.08761944456993e-05,0.000863103809886526,0.000150935510045979,0.000635011284708118,-0.000388840034361009,-0.000206785864848432,0.000516027782033139,0.00240174898194463,0.00056336485277209,4.31385712025829e-05,-0.000175486805914901,7.81531458748406e-20,-3.37658378686555e-19,-1.38453333905009e-18,-1.17924303774623e-18,-9.6093196024007e-19,-1.24495920065109e-18,-3.44603259247055e-17,5.11751034353193e-17,-1.4016524043097e-16,1.44688028932876e-16,7.71254544386031e-18
"服装鞋类",-1.19630505390118e-20,0.000300008230541659,-0.0244074025060606,0.00109597144097979,0.000701119633981147,0.000375965647764184,1.09694121010234e-06,2.75205151826537e-05,0.00103133982291508,0.000493987150707979,0.00066046336524595,0.000629748298073155,0.000727532558765871,0.000516066903777474,0.000824632576687959,0.000591819067475965,0.000643921150158448,0.00115045494412785,-0.000482455367910887,0.000638819466377067,-4.46559680881092e-05,0.000508921345865412,0.000706365398182571,0.00103762385554615,0.000552791634088199,0.00074958733663832,0.000489939929074076,0.000124211918248586,0,0.00045079266082642,0.000596847529017743,0.00144081242564902,-5.57534722229025e-06,0.00062211845815667,0.000723617044812129,4.8899810889007e-05,0.000597717762580407,0.000322150729079214,0.0006984208107798,2.73713126661828e-05,0.000711631399382029,0.0011574663742206,0.000928419425965576,0.000458421238165839,0.000592574925219541,0.000982918150256097,1.83713953965909e-19,-1.0445503585221e-18,-2.34556007105535e-18,-1.80149203694101e-18,-4.75261415785893e-19,-1.87330799792297e-18,-1.69310006160137e-17,4.73911912396143e-17,-1.53240835266415e-16,1.46832628085338e-16,-1.73039263868969e-18
"家具行业",-6.67801134527556e-21,-0.000179793480603102,-0.0070606404015352,0.00026105060524494,-8.38890996752262e-05,-0.000227917613337337,-0.000309820026448309,-7.09958608449923e-05,8.60416677219e-05,-0.000182490590506922,0.000178185589717951,0.000627359677968897,-3.84393496685541e-05,0.000244927024436852,-0.000233347580399255,0.000253420338745434,-0.000531117021074345,-0.000168201617262482,7.71393733077928e-05,0.000224676173403748,0.00079082929276492,0.000372126628402561,0.000672144222986021,-0.000199643625971757,3.74269275399446e-05,2.54469204253951e-05,0.000241723641978835,-6.14751910586494e-06,0,0.000821881601891885,0.000356727306420312,-5.57534722229025e-06,0.00193812657671362,0.000104991319540848,-9.19013089757359e-06,-0.000267955508024023,0.000156891527569877,0.000259050899463687,0.000241736135189953,0.000140060733520317,-0.000259094702947177,0.000318739528965477,0.000692650016184441,0.000357248595776926,-0.000589167065293054,0.00094282421493494,1.40804601806197e-18,-8.76599691069396e-19,-3.59670608147297e-19,-2.2733301026718e-19,1.44590049473439e-19,-2.96522434464106e-19,4.76227226261106e-18,1.2327614775703e-17,-4.27999980976127e-17,4.02139111735747e-17,-4.47708281941938e-18
"交通运输",1.20083071325257e-20,0.000716496125883817,-0.0246061863011608,0.000629279870517115,0.000806986723146465,0.000571528867216263,-0.000297755730924654,-0.000193425361205988,0.000805076820905245,0.000166428548572534,0.000919521688723619,0.000690388194419376,0.000633938831213748,0.000665949630211117,0.000662727203733877,0.000710109530158293,0.000751788315160878,0.000949861807018801,0.000238642615913238,0.000469495696747989,0.00078195041824976,0.000271579750557434,-0.000594259785686643,0.000754034629076542,0.000607659228636466,0.000492598419198927,0.000831809405677415,-7.03792042331938e-05,0,0.00100414085469523,0.000651938423435077,0.00062211845815667,0.000104991319540848,0.00198380746836819,0.000665476835126592,0.000226887619980221,0.000591707180814436,0.000607056892427633,0.00065075178656805,-0.000200534261584957,0.000954444584593064,0.00145873569893059,0.000889530068748944,0.000436370249938643,0.000374704670116466,0.000612026212416707,8.844612156111e-19,-9.79946234800733e-19,-1.8663179291866e-18,-1.82496030055999e-18,-5.27041127570383e-19,-1.89561733944373e-18,-3.07822791638772e-17,6.35751758678794e-17,-1.82249441178352e-16,1.76674746775557e-16,1.95027137767675e-18
